500
1200
1 366 411
366 105 333
105 484 7
484 482 940
482 474 938
474 200 348
200 148 507
148 59 771
59 331 157
331 190 140
190 348 806
348 4 524
4 373 143
373 242 545
242 289 205
289 313 185
313 7 162
7 90 541
90 487 246
487 198 218
198 217 234
217 446 39
446 297 656
297 61 653
61 493 207
493 188 464
188 168 444
168 253 999
253 316 910
316 255 492
255 215 309
215 359 963
359 106 173
106 275 556
275 295 790
295 350 205
350 129 778
129 114 984
114 403 837
403 83 638
83 6 632
6 441 708
441 362 510
362 494 154
494 356 824
356 63 617
63 51 618
51 16 592
16 38 75
38 341 281
341 303 850
303 178 599
178 147 877
147 213 376
213 137 730
137 444 44
444 230 863
230 452 63
452 383 428
383 500 62
1 294 568
294 332 908
332 124 249
124 354 338
354 305 316
305 14 452
14 186 464
186 339 716
339 372 930
372 296 645
296 57 775
57 154 881
154 465 197
465 378 158
378 23 379
23 394 713
394 382 31
382 159 668
159 214 401
214 184 764
184 163 513
163 240 132
240 17 445
17 347 720
347 390 289
390 391 967
391 499 240
499 224 131
224 119 657
119 287 556
287 126 921
126 363 777
363 122 176
122 223 830
223 302 638
302 153 66
153 470 267
470 116 304
116 187 858
187 404 389
404 134 33
134 336 75
336 91 30
91 355 278
355 346 350
346 115 168
115 298 810
298 258 349
258 28 607
28 342 584
342 344 225
344 330 316
330 409 156
409 228 320
228 276 523
276 349 95
349 480 130
480 13 85
13 236 820
236 485 350
485 138 12
138 398 101
398 410 748
410 191 108
191 384 209
384 473 28
473 374 637
374 48 960
48 109 834
109 321 717
321 402 462
402 256 743
256 30 560
30 185 883
185 32 72
32 113 646
113 443 545
443 352 184
352 175 40
175 399 708
399 234 804
234 42 480
42 481 239
481 34 109
34 447 865
447 400 350
400 66 892
66 260 555
260 459 381
459 88 134
88 438 413
438 266 634
266 82 247
82 427 50
427 15 612
15 146 82
146 386 360
386 317 885
317 322 68
322 277 531
277 457 944
457 468 174
468 84 923
84 369 820
369 292 448
292 208 466
208 335 313
335 445 722
445 361 522
361 375 741
375 426 534
426 135 747
135 261 812
261 265 629
265 357 358
357 466 263
466 483 318
483 247 970
247 385 100
385 211 877
211 389 501
389 164 8
164 120 363
120 70 307
70 121 473
121 270 805
270 425 94
425 284 948
284 139 339
139 241 861
241 141 777
141 99 593
99 307 487
307 237 768
237 411 517
411 75 444
75 11 960
11 60 900
60 309 492
309 239 573
239 144 62
144 47 427
47 421 1
421 24 178
24 412 197
412 132 66
132 173 760
173 103 451
103 351 25
351 320 434
320 195 6
195 455 79
455 448 569
448 395 780
395 460 604
460 396 465
396 477 75
477 440 777
440 326 165
326 492 158
492 39 680
39 68 552
68 471 863
471 495 29
495 100 308
100 210 906
210 136 339
136 244 9
244 165 767
165 176 176
176 439 939
439 180 123
180 93 379
93 498 620
498 202 45
202 97 712
97 20 349
20 166 59
166 418 9
418 69 269
69 407 254
407 156 846
156 27 901
27 225 793
225 254 127
254 252 109
252 108 560
108 308 737
308 31 912
31 203 88
203 334 845
334 432 696
432 436 636
436 94 464
94 150 609
150 62 670
62 2 878
2 379 353
379 285 208
285 199 651
199 71 867
71 25 195
25 461 912
461 424 37
424 387 450
387 324 867
324 434 952
434 125 271
125 174 150
174 476 834
476 304 391
304 128 358
128 368 157
368 392 649
392 419 419
419 496 433
496 491 720
491 158 518
158 9 643
9 423 930
423 101 294
101 250 474
250 192 735
192 323 337
323 345 481
345 201 514
201 281 952
281 420 694
420 464 5
464 212 297
212 26 898
26 50 12
50 229 821
229 73 249
73 314 934
314 35 14
35 102 616
102 408 760
408 145 74
145 238 529
238 500 342
1 435 707
435 414 130
414 333 344
333 353 402
353 262 679
262 10 690
10 367 674
367 5 671
5 76 830
76 246 497
246 364 89
364 454 800
454 194 990
194 360 271
360 37 400
37 337 209
337 86 995
86 123 968
123 449 673
449 469 259
469 269 862
269 442 259
442 22 161
22 58 282
58 310 70
310 456 246
456 155 69
155 43 527
43 56 423
56 338 114
338 327 449
327 273 286
273 205 847
205 193 131
193 142 238
142 49 910
49 65 96
65 428 664
428 478 297
478 376 402
376 381 830
381 291 611
291 209 938
209 107 962
107 231 796
231 263 127
263 279 79
279 46 90
46 475 83
475 111 856
111 235 553
235 112 493
112 397 733
397 479 779
479 162 525
162 18 839
18 458 504
458 259 65
259 488 324
488 467 537
467 19 672
19 143 811
143 278 4
278 325 676
325 8 399
8 497 114
497 472 96
472 29 434
29 251 978
251 274 461
274 312 957
312 226 919
226 80 199
80 299 85
299 72 266
72 248 926
248 204 516
204 315 868
315 288 473
288 79 386
79 21 327
21 182 277
182 453 672
453 44 441
44 343 238
343 243 894
243 371 627
371 463 370
463 450 903
450 149 792
149 221 819
221 431 292
431 41 393
41 388 552
388 380 936
380 233 128
233 171 154
171 77 197
77 329 832
329 53 163
53 197 741
197 405 268
405 167 111
167 433 429
433 189 811
189 172 936
172 130 706
130 340 252
340 301 546
301 36 73
36 78 586
78 74 797
74 271 942
271 87 615
87 40 132
40 462 290
462 377 373
377 401 517
401 393 67
393 257 906
257 177 874
177 95 687
95 227 611
227 169 334
169 12 286
12 282 841
282 413 561
413 81 702
81 110 395
110 151 522
151 437 259
437 318 92
318 249 313
249 104 163
104 415 556
415 319 553
319 54 905
54 181 132
181 219 886
219 127 459
127 85 185
85 429 283
429 220 84
220 157 112
157 306 807
306 216 550
216 45 267
45 64 10
64 489 976
489 280 937
280 55 728
55 183 494
183 416 199
416 170 449
170 33 579
33 268 798
268 133 906
133 232 466
232 370 310
370 118 450
118 365 658
365 267 884
267 300 930
300 96 516
96 196 636
196 131 492
131 245 441
245 152 422
152 430 406
430 406 111
406 486 581
486 207 854
207 451 615
451 218 983
218 98 329
98 283 83
283 328 426
328 417 675
417 3 345
3 89 213
89 500 418
1 206 121
206 286 699
286 311 904
311 272 513
272 140 757
140 293 463
293 67 328
67 264 871
264 179 10
179 422 550
422 92 374
92 161 711
161 117 142
117 222 579
222 500 416
1 358 388
358 490 68
490 500 980
1 160 4
160 500 193
1 290 68
290 52 283
52 500 949
252 317 921
194 371 227
51 55 926
131 218 245
273 27 641
294 101 969
336 407 776
386 351 138
130 34 998
207 484 26
222 402 863
126 391 687
404 427 51
453 98 934
400 97 432
159 394 447
123 294 868
323 231 536
361 78 296
381 412 712
393 172 835
385 2 548
119 226 205
38 239 297
473 292 454
424 187 150
221 109 671
466 411 82
365 199 152
496 239 457
114 184 345
190 319 343
292 215 323
292 412 132
189 24 430
277 4 60
371 13 182
173 70 698
36 65 262
361 310 169
248 442 119
196 420 464
366 355 973
208 40 831
119 28 49
69 283 225
488 57 248
174 34 457
276 354 809
401 394 151
384 390 435
361 309 349
159 366 882
262 313 512
76 471 756
212 419 344
334 329 725
364 143 36
359 373 87
198 54 950
385 483 654
364 45 894
302 471 687
158 206 935
373 137 662
55 367 388
79 34 418
255 303 317
285 156 661
309 232 538
199 140 345
365 186 183
283 46 515
445 472 801
86 421 203
85 147 637
65 449 758
207 33 205
197 224 11
389 439 604
237 106 217
334 250 164
470 141 130
281 192 53
340 451 738
212 333 198
331 437 317
110 113 536
449 168 955
296 414 752
320 242 770
12 84 728
253 139 459
40 143 157
66 388 839
205 428 916
8 353 926
191 74 701
374 107 977
158 81 130
461 404 596
345 439 592
79 294 616
370 237 781
57 301 125
255 347 392
72 310 999
250 314 372
123 379 146
336 35 322
27 282 510
301 39 964
244 131 898
475 493 534
310 89 885
19 475 690
54 313 45
87 66 204
402 189 597
68 55 697
441 210 285
10 488 960
339 115 976
36 304 412
431 403 529
178 438 817
235 415 26
146 13 86
420 423 363
87 163 424
359 466 544
495 379 993
6 81 100
378 94 2
6 492 23
7 469 674
234 264 118
446 114 922
10 245 896
353 329 971
385 400 225
241 143 405
282 167 978
263 100 553
228 211 568
457 225 306
46 474 494
140 219 918
157 293 142
84 15 429
183 413 801
16 19 749
213 453 146
234 269 239
162 3 899
409 475 744
137 73 385
462 413 251
436 433 968
167 316 833
427 178 591
160 180 745
496 251 598
395 360 922
254 199 900
385 463 793
386 294 960
93 121 980
103 233 825
369 220 898
22 320 30
65 107 498
141 460 886
105 98 821
468 16 10
170 120 942
14 127 590
350 367 420
124 44 359
414 467 956
148 311 714
476 322 548
250 18 356
321 106 643
44 437 813
468 408 216
308 210 806
451 52 284
135 271 561
4 155 421
313 477 424
327 227 372
436 330 968
330 316 123
88 345 608
429 444 840
490 398 614
282 125 969
327 263 628
288 261 772
491 13 915
29 138 408
246 3 895
52 239 844
487 466 986
219 374 884
325 236 722
272 335 109
126 83 970
450 220 776
279 187 59
458 216 594
175 116 690
489 17 725
297 359 884
261 165 522
313 328 205
419 265 934
459 140 416
458 60 741
166 366 317
361 19 903
363 127 973
179 490 224
78 206 207
125 274 973
76 346 220
72 96 222
269 8 269
100 27 847
375 9 630
379 28 869
296 303 822
351 131 108
34 240 344
94 182 679
74 2 679
324 155 506
473 201 167
114 359 551
239 244 597
197 136 540
135 224 173
231 191 319
194 289 782
292 195 183
215 107 663
71 352 226
471 76 966
240 466 444
267 125 174
273 3 982
300 196 823
86 401 1
29 22 302
474 458 213
122 406 508
303 452 282
355 272 434
490 379 455
38 290 370
330 392 697
410 183 949
442 144 429
214 60 302
241 272 414
426 315 128
327 459 333
3 68 847
52 195 129
498 92 881
320 236 832
366 209 635
355 440 586
172 252 180
270 212 200
459 92 22
212 167 288
468 349 403
275 404 876
326 395 406
428 487 938
465 90 825
344 113 420
127 34 406
64 149 806
133 271 271
68 37 584
176 213 140
206 304 253
336 157 372
304 416 901
226 152 990
197 45 199
205 74 114
263 175 823
496 181 716
168 331 344
12 38 240
429 103 107
362 84 387
377 331 429
189 145 707
118 403 682
375 447 495
464 415 758
302 463 760
465 220 841
412 419 675
346 107 642
485 41 231
498 234 102
258 135 774
54 251 303
239 110 482
388 471 578
236 175 516
436 450 142
440 466 885
313 130 177
254 250 767
149 482 74
482 361 994
283 499 381
146 389 345
440 433 972
158 146 468
67 454 748
161 186 518
271 142 972
169 273 492
257 471 667
200 214 695
300 313 672
74 65 810
269 245 225
68 5 466
271 238 916
470 27 594
433 177 364
492 454 965
345 7 58
348 260 165
57 343 770
39 290 561
346 440 214
263 353 159
192 479 217
260 208 196
377 113 121
326 389 943
3 42 243
5 479 136
188 396 817
453 480 89
461 98 296
247 290 642
71 332 367
378 490 398
239 11 575
106 236 962
26 391 406
88 328 369
465 288 955
367 334 229
252 313 214
117 434 148
100 426 458
358 22 173
454 149 541
56 255 842
485 170 793
377 38 178
279 16 255
52 211 640
163 322 518
149 165 983
53 203 329
270 322 468
306 16 383
343 165 367
316 366 506
425 312 941
168 313 355
170 352 396
446 423 324
359 146 44
122 484 795
362 27 244
490 60 960
56 101 470
407 485 120
56 76 330
64 351 636
28 40 665
354 383 197
77 321 334
478 20 42
159 189 541
340 335 520
80 219 843
482 178 445
361 274 385
394 183 56
185 283 663
238 122 809
240 437 841
267 314 411
426 65 394
379 292 405
487 401 852
461 113 719
247 285 656
205 457 978
272 377 218
66 104 372
143 153 318
214 459 634
110 229 901
367 323 398
225 89 304
414 478 128
6 406 388
85 426 926
482 428 635
136 78 258
175 99 379
422 323 264
340 115 78
329 372 599
223 433 555
147 357 137
82 21 1
405 272 62
250 267 970
117 299 639
47 73 925
178 72 329
147 15 243
423 349 243
475 50 641
326 209 49
42 111 510
13 83 847
227 412 725
324 73 187
178 301 386
328 153 966
388 163 163
324 385 335
328 314 745
433 104 672
321 417 218
439 350 845
103 443 389
393 442 297
284 442 392
265 31 388
341 90 706
377 419 43
482 387 854
112 341 190
490 455 582
120 98 153
188 453 843
244 38 889
396 56 313
27 309 315
487 248 517
24 204 546
348 330 849
356 429 472
265 489 312
173 478 952
1 84 618
40 160 134
123 234 253
411 94 927
411 66 223
272 68 720
237 183 690
28 233 843
411 408 635
167 57 358
442 101 766
464 311 81
392 213 1000
265 287 898
362 218 380
229 389 620
289 421 939
315 170 744
425 446 669
472 273 375
97 178 172
249 118 398
315 52 947
272 185 319
190 191 454
322 95 363
198 330 735
123 407 773
1 130 251
395 245 290
439 147 848
340 413 615
253 384 134
340 474 966
87 35 652
9 187 455
439 5 783
31 334 877
454 365 389
249 293 93
111 379 453
338 330 760
418 397 16
14 143 847
253 206 115
28 11 621
352 270 263
211 492 535
116 486 898
353 163 310
81 314 574
357 325 82
293 245 221
112 382 762
295 244 302
28 52 885
153 340 896
267 18 531
19 96 942
239 307 184
378 158 648
203 93 239
21 421 295
440 139 778
397 103 856
490 310 989
428 15 322
113 432 489
356 209 891
446 32 736
307 84 23
498 141 798
23 301 263
68 359 970
62 485 932
267 178 87
114 463 751
298 455 952
244 274 853
422 270 864
484 204 4
343 183 36
166 464 173
1 66 315
443 474 487
92 381 436
136 30 528
77 445 394
118 286 368
449 247 32
218 263 763
322 238 570
342 445 830
172 262 566
8 229 18
279 358 152
428 447 387
17 465 753
231 98 337
214 404 973
422 334 145
298 58 528
310 215 563
310 262 927
80 292 472
97 409 755
32 338 266
124 5 668
249 26 328
136 457 373
35 435 260
91 124 450
189 367 510
462 260 990
45 26 680
494 50 774
37 291 220
297 121 494
77 3 838
161 429 204
187 435 871
30 209 274
240 353 950
232 239 268
262 394 616
497 438 113
333 191 471
162 45 18
109 418 994
304 115 760
12 446 123
179 68 333
389 337 167
37 434 624
96 487 766
202 150 609
327 333 493
349 337 912
403 396 50
242 265 948
8 337 741
425 59 873
487 489 288
80 422 469
333 126 969
435 330 681
208 107 215
483 31 735
321 278 42
112 246 718
262 14 248
473 231 754
322 454 960
117 162 849
88 173 500
90 164 355
54 491 552
384 229 460
443 441 221
319 250 65
460 87 702
126 283 756
5 105 385
260 297 975
444 346 111
146 239 987
395 443 18
263 25 290
325 212 657
118 474 882
357 360 336
200 83 581
166 260 674
395 345 716
36 332 83
129 140 900
140 79 966
376 34 981
363 250 365
486 290 168
70 357 78
363 286 674
43 445 33
51 278 349
64 21 281
265 389 759
323 423 20
253 417 79
349 142 856
369 315 308
11 69 217
466 56 488
391 16 648
301 452 283
72 259 291
227 20 28
289 154 422
120 170 869
158 34 414
362 185 139
174 94 378
377 140 603
495 116 190
287 111 581
410 231 176
258 413 454
295 259 31
221 104 237
384 10 91
254 128 297
160 11 983
336 95 115
459 95 345
119 23 41
398 123 441
301 356 184
363 211 367
103 30 907
198 436 342
419 321 549
292 129 611
