30
70
1 23 411
23 8 333
8 30 7
1 29 940
29 13 348
13 10 507
10 5 771
5 21 157
21 12 140
12 22 806
22 2 524
2 6 482
6 17 578
17 7 624
7 30 246
1 14 234
14 27 39
27 19 656
19 20 985
20 15 334
15 16 999
16 28 508
28 18 588
18 24 700
24 9 778
9 30 804
1 26 164
26 30 154
1 25 124
25 4 618
4 3 458
3 30 62
1 11 608
11 30 997
7 14 131
7 21 573
17 9 921
21 24 243
6 14 830
18 20 304
2 29 267
7 10 372
12 9 33
20 4 610
6 2 709
9 5 692
11 8 168
18 25 515
11 3 607
20 18 370
28 21 225
13 22 30
20 11 816
5 15 320
16 17 316
21 4 959
4 2 85
2 15 820
29 12 273
3 25 748
12 5 767
7 29 28
22 20 939
3 29 819
7 26 256
19 22 802
14 5 511
22 3 560
11 27 880
2 4 230
