40
100
1 30 411
30 10 333
10 39 7
39 38 948
38 17 348
17 13 507
13 6 771
6 27 157
27 16 140
16 29 806
29 2 524
2 31 143
31 20 545
20 24 205
24 26 185
26 8 179
8 23 974
23 11 395
11 18 234
18 36 39
36 25 656
25 40 207
1 15 444
15 21 999
21 37 508
37 14 718
14 32 700
32 9 255
9 40 804
1 34 164
34 40 154
1 5 618
5 3 592
3 4 75
4 28 281
28 35 354
35 12 730
12 19 863
19 40 62
1 7 32
7 40 240
1 33 389
33 22 349
22 40 737
32 24 448
17 20 669
13 36 722
29 22 968
34 22 268
30 29 66
21 33 530
25 29 358
37 12 394
38 14 492
38 28 769
4 18 877
31 21 327
1 11 363
6 13 609
10 20 81
22 33 850
4 24 948
11 15 480
29 3 280
31 9 593
7 25 487
36 20 768
6 19 19
38 4 118
36 26 492
34 9 476
23 13 62
9 34 1
30 28 963
2 8 130
29 9 334
33 9 263
3 15 760
8 19 428
21 29 25
25 18 388
1 37 79
35 24 818
31 37 604
3 31 954
3 36 777
30 27 165
39 8 75
27 10 712
6 23 481
31 14 942
34 28 936
39 3 593
20 9 308
17 37 269
14 20 9
13 31 380
14 8 246
27 15 304
28 36 939
