50
150
1 37 411
37 12 333
12 49 7
49 48 948
48 47 398
47 19 295
19 26 116
26 39 660
39 9 379
9 8 695
8 41 6
41 27 744
27 25 545
25 30 205
30 32 185
32 2 162
2 10 541
10 14 395
14 23 234
23 45 39
45 31 656
31 7 653
7 50 207
1 20 464
20 18 444
18 50 631
1 46 508
46 17 718
17 28 556
28 40 700
40 13 984
13 42 164
42 33 9
33 36 724
36 50 154
1 6 618
6 3 592
3 5 75
5 35 281
35 43 354
43 16 877
16 38 424
38 15 730
15 4 458
4 44 902
44 22 1000
22 29 663
29 24 370
24 11 755
11 34 427
34 21 744
21 50 240
22 8 235
33 30 556
13 47 724
39 13 176
22 42 602
32 16 66
46 15 230
15 20 858
40 21 266
2 34 75
30 10 30
35 15 116
34 19 229
9 31 810
26 19 54
30 35 584
19 48 687
12 23 708
16 41 156
23 17 550
26 17 697
5 48 130
2 6 53
24 42 970
18 15 12
39 6 819
37 20 108
38 12 946
2 38 637
46 6 960
41 12 834
13 33 717
40 24 120
26 38 57
28 20 883
44 4 72
44 28 702
9 19 40
13 41 708
23 41 83
24 49 239
23 25 66
6 45 865
40 19 130
44 23 130
33 27 555
45 20 173
7 25 876
21 27 634
8 14 852
3 45 28
30 16 82
38 19 604
18 32 885
4 31 553
26 46 944
46 10 166
46 50 737
41 30 448
21 24 669
16 45 722
36 27 968
37 38 851
27 15 747
34 5 520
40 27 722
26 32 712
18 47 263
20 49 318
25 49 677
38 6 421
43 40 501
16 2 238
18 8 307
30 13 473
4 28 805
42 6 566
47 15 339
24 44 520
36 4 280
39 11 593
8 31 487
45 25 768
8 23 19
48 5 118
45 32 492
42 11 476
29 15 62
5 22 211
42 2 748
34 49 45
36 10 334
41 11 263
4 18 760
10 24 428
26 36 25
32 23 388
4 45 569
