20
70
1 15 411
15 5 333
5 20 7
1 19 948
19 9 348
9 7 507
7 4 771
4 14 157
14 17 6
17 11 744
11 12 578
12 13 185
13 2 162
2 20 246
1 6 433
6 18 39
18 20 207
1 10 334
10 20 631
1 16 700
16 20 804
1 3 618
3 8 599
8 20 62
13 19 247
5 15 338
12 7 25
9 5 677
14 16 930
12 14 111
15 7 881
12 19 197
15 4 43
8 16 713
3 16 31
7 14 427
7 16 323
10 11 132
14 15 778
6 16 967
19 6 446
3 6 657
5 19 724
15 6 176
9 17 602
13 7 66
18 7 230
6 9 858
16 9 266
1 14 75
12 5 30
14 7 116
14 8 229
4 13 810
10 8 54
12 9 946
14 6 445
14 2 659
7 17 156
9 8 550
10 7 697
3 2 85
1 17 101
8 4 767
4 19 28
15 14 939
16 6 834
5 14 717
16 10 120
10 16 57
